

========================================================================
n = 6
========================================================================
dimension                    = 12
final_gradient_pool_solutions= 200000
ehz_capacity                 = 8.462780211469e-02
2n_times_capacity            = -2.031067250753e+00
systolic_ratio               = 7.907037645481e-01
det(Q_refined)               = 1.0000000000092240e+00
gradient_fro_norm            = 2.420005304262e-03
gradient_maxabs_norm         = 8.400816618197e-04

Q_refined:
  -2.1135364398e-01  -2.7782168190e-01  -4.6071921829e-01  -5.3979639071e-01  -1.6551508995e-01  -5.3629473494e-02  -4.1394288080e-01  -2.1155778594e-01  -3.1490262353e-01  -5.3885459147e-01  -3.0433390484e-01  -5.4869106036e-01
  4.5650518809e-01  -1.9193939541e-01  2.5482870003e-02  -2.6185264525e-01  1.1375928552e-01  5.3918849223e-01  -7.3042619222e-01  1.4558928174e-02  -1.5832595919e-01  6.0964872701e-01  -3.6986244107e-01  4.8780508226e-01
  -1.0670604653e-01  -5.6421918837e-01  3.1991275125e-02  -4.3492637365e-01  -4.8899048181e-01  1.2636344884e-01  -5.7847930861e-01  -2.4017025884e-01  -3.0124924241e-02  6.5083376230e-01  5.8397977053e-02  4.3073879705e-01
  -5.2656100404e-02  4.2948117147e-01  -1.6587116736e-01  6.3192777805e-01  6.7493626011e-01  -6.8459058786e-01  3.6448229708e-02  -4.1865624621e-02  3.0602801637e-01  1.1089506036e-01  7.4148310453e-01  2.0629411884e-01
  1.4341865187e-01  9.4070441852e-05  -3.4917739570e-01  -3.4522345979e-01  -4.3689645500e-01  -8.1439952607e-01  -4.1049764112e-01  1.1837718406e-01  6.3863386536e-01  2.2005679965e-01  -4.1280146616e-01  -3.0786257229e-02
  9.8969477754e-02  4.5276696254e-01  -3.6630657047e-02  -1.2472425843e-01  -6.9329017271e-01  -8.0726367753e-02  2.5389124936e-01  -1.2294813411e-01  -3.6790712787e-02  5.8500149626e-02  -5.6561471798e-01  1.9144687130e-01
  -6.3073328808e-01  2.5106884680e-02  1.5907409094e-01  3.6448784238e-01  -1.0594040275e+00  1.1822918913e-01  -4.6721125972e-01  -5.7719795198e-01  1.4004945614e+00  -3.2502394135e-01  8.6336738674e-01  -1.8013893421e-01
  4.3972195277e-01  -1.2454776327e-01  -2.7078484539e-01  5.8735190402e-01  -3.8460497586e-01  -4.6521614687e-01  -1.8166452011e-01  -4.8799974834e-01  -4.7872127573e-01  -1.8291925199e-01  -9.2944696822e-02  3.7642048849e-02
  -2.8881114697e-01  -1.2427377473e-02  -3.8049493299e-01  -2.0628946541e-01  2.2038798134e-01  6.9596660554e-01  -5.2408014563e-02  -3.9162026531e-01  1.0744657905e-01  5.1572078586e-02  7.5138650761e-02  -5.9018888990e-01
  -1.3265471146e-02  6.0953803260e-01  -1.3045525441e+00  9.5804790523e-01  2.5771817508e-02  -1.0357918946e+00  -5.6154548603e-01  9.7926055365e-02  4.2281383558e-01  2.6045458174e-01  -1.2417553728e-01  1.0954043229e-01
  -4.9047465692e-01  1.0004865616e-01  8.2940453775e-02  3.1245402386e-03  5.2994479841e-01  -6.1857021502e-01  5.5352939410e-02  -5.1425364733e-01  -1.6032270454e-01  -4.2687423139e-01  1.1652685699e-01  -7.7660667883e-03
  -1.9468367760e-01  4.1033236923e-01  -2.5671916873e-01  7.6752718776e-01  -2.3579370239e-01  -1.2936218536e-01  -4.8056606673e-01  6.7608941421e-01  1.6761942002e-01  -3.8907650633e-02  2.2861139498e-01  -5.7982133297e-01

Q_refined^{-1} B:
  -4.1941321833e-01  -4.5141134038e-01  6.4790172852e-01  -9.9693422835e-01  -4.9721973067e-01  -9.0130423795e-02  -1.4143534348e-03  -6.4340983753e-01  -5.6924607183e-02  5.7769644108e-01  9.4418835834e-01  2.5348308748e-01  7.3358812427e-01
  -6.7882862238e-01  -5.9104496137e-01  2.1374218814e-01  -1.3996557135e+00  1.3587474864e-01  -1.5006236026e+00  -3.7378654015e-03  2.5205196963e-01  -1.4489011385e-01  4.9678807482e-01  5.9891722285e-02  -4.3869913410e-01  3.5991313097e+00
  7.9841973462e-01  -3.8400925411e-01  1.4822464384e-01  2.5336656905e-01  -5.4559932678e-01  -3.1207903395e-02  -1.7729959082e-02  -3.0494638808e-01  -6.8803083259e-02  7.4751472248e-01  -8.9876398637e-01  -6.5069386048e-01  9.5422809156e-01
  1.1178550832e+00  6.1291406780e-02  2.0360105319e-01  1.2088386663e+00  1.6311791297e-01  6.7325194882e-01  -9.4338563744e-02  -4.4898498062e-01  -8.4384776625e-02  -4.9201674629e-01  -5.4970901602e-01  -2.1083015338e-01  -1.5476918345e+00
  3.0288552255e-01  -3.5412217002e-01  4.2266646484e-01  1.6799925742e-01  -1.5189124928e-01  5.5533698482e-01  1.1339581699e-01  1.4223036466e-01  -2.0045910559e-01  -1.1425363567e-01  -4.5649101038e-01  1.4321988850e-01  -5.7051712884e-01
  -1.0040975200e-01  -3.1502501706e-01  2.4744169233e-01  2.6352476124e-01  6.1288701768e-01  2.3770975668e-03  -2.1456041424e-01  2.4836791312e-01  -8.7320290010e-02  -2.3301579182e-01  3.2490547240e-01  1.9910168273e-01  -9.4827437192e-01
  4.7611099069e-01  9.0300295860e-01  -6.3605871075e-02  2.9072516629e-01  5.4107343197e-02  6.0644244060e-02  1.8859337578e-01  2.5192079163e-02  -2.0267283305e-01  -2.0186310725e-01  3.5678249652e-01  4.8891079587e-01  -2.3759276388e+00
  -3.5018143452e-01  2.2777239076e-01  -3.1085338324e-02  1.1371412306e-01  2.4953874120e-01  2.6483500805e-01  1.1879884480e-01  6.1894171346e-01  7.3820683670e-01  -2.2105168997e-01  5.2968370337e-01  -1.8242322484e-01  -2.0767496737e+00
  5.2668937605e-01  -1.2999901691e-01  5.8447742867e-01  5.4208347527e-01  -5.0348427363e-01  5.4996490157e-01  -3.6746249014e-01  1.9875279177e-01  -9.2290487260e-02  -2.6253262570e-01  -1.5847477543e-02  3.9922811747e-01  -1.4295797196e+00
  1.0109512908e+00  2.8708041299e-01  -8.1880823804e-01  -7.5168856337e-02  -5.9684916407e-01  -1.8542379855e-01  4.5671447914e-01  -2.6405120056e-01  -9.5798164334e-01  2.7635380838e-01  -2.5997656869e-01  -5.0794013807e-01  1.6350996164e+00
  -1.0649382500e+00  2.5023201519e-01  -4.8104137952e-01  -1.7331703828e+00  3.7738775649e-01  -3.8745003252e-01  -5.9765051099e-02  4.2741834318e-02  1.7328595699e-01  4.9259221120e-01  1.0062289283e+00  2.0857856544e-02  1.3630385369e+00
  -4.5250377684e-01  -2.4227665259e-01  -3.8768008329e-02  7.5137086304e-02  9.3504658018e-01  -7.5845527292e-02  -2.9566981671e-01  6.1469044070e-01  1.0710150638e+00  -7.1687860329e-01  2.4029491400e-01  7.7524018628e-01  -1.8894818863e+00

gradient:
  1.1907209947e-04  1.2538068708e-04  -3.4437068804e-04  6.9148468861e-05  1.6628622366e-04  1.5418788039e-04  1.7592648758e-04  9.7846576092e-05  2.0286440249e-04  2.5163377394e-04  2.0957625117e-04  -8.2564998304e-05
  -1.2838801761e-04  -7.8880330908e-05  1.9254282906e-04  -6.7317199716e-05  -8.6152587460e-05  -2.3764899446e-04  -2.7762024174e-05  -1.2720416676e-05  1.4355971411e-05  1.6370863264e-05  -1.2518434483e-05  -2.1074938629e-04
  3.0675804386e-04  1.5354574276e-04  -1.8299678198e-04  1.0740046513e-04  1.5226609173e-04  3.5258119397e-04  -3.6326023753e-05  2.2505132833e-05  -2.2776119947e-05  -2.7495532270e-04  3.1055041320e-05  3.6379761849e-04
  8.8751775767e-05  2.4069102234e-04  -2.5425216061e-05  1.6255558787e-04  1.3584186488e-04  3.6954807746e-04  -2.2596807157e-04  -2.5764111981e-05  -2.4816756640e-04  -1.4775765171e-04  -1.2571598641e-04  4.4065973459e-04
  -1.4246800096e-04  -2.3381962398e-04  7.2146837314e-06  -1.8416094517e-05  -3.1341899424e-05  -2.7064878840e-04  2.8199060570e-04  9.1072528212e-06  2.0563365282e-04  4.3939083936e-04  6.7434801514e-05  -5.0457705193e-04
  1.1498259504e-04  -1.0246410739e-04  -1.2313358987e-04  -2.0581169600e-05  6.3528464238e-05  -5.1139115547e-05  1.9776314082e-04  3.7228878799e-05  4.5756080744e-05  3.2819584835e-04  9.9474865094e-05  -1.8834493406e-04
  4.5425840950e-05  1.5140218458e-06  6.3164458700e-05  -2.3571338452e-07  -7.9329489197e-05  2.5843315286e-05  -4.0611067359e-05  5.6738644295e-07  -1.9781966508e-04  -3.4770306151e-05  -8.7358333915e-05  1.7688583605e-04
  1.9235708994e-04  -1.6166544979e-05  -8.4008166182e-04  -7.5511142857e-05  9.9247771160e-05  3.5854360204e-04  3.4124337134e-04  2.1717854073e-04  2.1821428127e-04  -2.5974102789e-05  4.1170391090e-04  3.1745474974e-04
  -3.9014113660e-05  1.1138464060e-04  1.7129764878e-04  8.0247890261e-05  8.6105904397e-07  -2.9390330669e-05  -9.2041287490e-05  4.6692282622e-05  -1.0200651162e-04  -5.8560630325e-06  -1.2458657776e-04  1.3517060332e-04
  -8.9941476118e-05  -1.2555609013e-04  1.1608687493e-04  -8.7976002776e-05  -8.4441807831e-05  -2.4174920214e-04  3.0601773158e-05  -3.7588924555e-05  1.3221487538e-04  6.7957810235e-05  5.5408300896e-05  -3.6956681513e-04
  -1.3077263640e-04  1.9909302112e-04  7.6778399512e-04  1.0037810040e-04  -7.8205233752e-05  -1.9762682074e-04  -4.1548408370e-04  -1.3459317873e-04  -2.5178384242e-04  -1.0691579870e-04  -3.7125510344e-04  -9.1454120874e-05
  1.4035290587e-04  8.4765012033e-05  -1.8206645790e-04  4.1067958714e-05  8.1179630288e-05  2.2091867439e-04  2.7623706505e-05  5.3374818715e-05  7.8325538378e-06  -1.6904028603e-04  5.0383018052e-05  3.0568192823e-04

