# Refined minimum from embedded starting point

========================================================================
n = 5
========================================================================
dimension                    = 10
iterations_used              = 2
refine_pool_solutions        = 5000
final_gradient_pool_solutions= 200000
start_cost                   = -2.033239022641e-01
refined_cost                 = -2.033239022693e-01
refined_cost_div2            = -1.016619511347e-01
2n_times_capacity            = -2.033239022693e+00
systolic_ratio               = 8.003405068229e-01
det(Q_refined)               = 1.0000000000006053e+00
gradient_fro_norm            = 1.452477600626e-04
gradient_maxabs_norm         = 4.372897469613e-05

Q_refined:
  -7.7733144543e-01  -2.7906217654e-01  -1.3443656610e-01  -7.8547394222e-01  -6.1875509293e-01  -7.9453369697e-01  -8.3503446882e-01  -8.0004925762e-01  -1.7693209842e-01  7.7894030534e-01
  -7.7949445229e-01  -4.5423694477e-01  7.9593585582e-02  4.1088635284e-01  1.0807823893e+00  -1.0232449979e+00  -8.2632555614e-01  1.4287742604e-01  -2.8161581527e-02  -8.3369167468e-01
  -4.5269991450e-01  2.1467145445e-01  4.1541496918e-01  -5.5766552284e-01  -1.1412973453e-01  -9.4817308078e-02  -3.1246434083e-01  2.0453403231e-01  -1.9740316152e-03  9.3304596961e-01
  -8.5164010825e-01  -7.3753441345e-01  -5.9219259133e-01  -3.8433063131e-01  1.1126212741e+00  3.8204781477e-01  6.5420042110e-01  -1.8010032964e-01  -2.7043267217e-01  -7.1224710639e-01
  2.3805924134e-01  3.6652323802e-01  -5.2692715932e-01  3.1372822947e-01  5.0254475764e-02  1.8541655022e-01  1.3166595351e+00  4.7039413481e-01  -4.1321739886e-01  -3.2554041361e-01
  6.3332968953e-01  1.2073355982e-01  8.8657542556e-01  -9.2329080515e-02  5.1538424087e-01  7.3508296864e-02  -5.6007846564e-01  -4.4579056405e-01  -5.4656715747e-01  4.3380323133e-01
  2.4398554335e-02  -2.8947352353e-01  -3.2336901540e-01  -2.8235265101e-01  4.4872733161e-01  1.8823532107e-04  -3.7839021651e-01  -2.2004959588e-01  -4.2964621456e-02  -1.0322644209e-01
  -4.0915559386e-01  2.1108734707e-02  1.5295873647e-02  -6.6214974638e-01  -1.9381641339e-01  -1.8764754009e-01  1.3241967543e-01  1.6040274314e-01  7.3834488934e-01  3.0498943425e-01
  -1.8953895597e-02  4.3733649260e-01  3.0151512441e-01  1.3515941533e-01  6.3221617606e-01  2.1284099687e-01  4.9661004009e-02  4.5183112267e-02  -7.1273178061e-02  -2.5902808282e-01
  5.8194630567e-01  -2.8944058355e-01  -2.9943614187e-01  -3.8824477618e-01  -1.6898267142e-01  1.4675710017e-01  7.7166056969e-01  2.4614328651e-02  -6.8782184390e-01  -5.7654993050e-01

Q_refined^{-1} B:
  2.6061542768e-01  -1.1508046026e-02  3.6252691415e-01  3.8752815894e-01  -3.3115465472e-01  -5.4290399376e-01  -7.7224300204e-01  -4.4819749293e-01  5.1744921855e-01  -7.6118776988e-02  6.5400624715e-01
  -4.9580339100e-01  1.7592594312e-01  2.8289202126e-02  5.3818514906e-01  -2.6158831326e-01  5.1912408312e-01  -4.6031021281e-01  4.1114452004e-02  -1.8140510092e+00  -8.5844848718e-02  1.8149589456e+00
  1.6035380257e-01  -1.4690886778e-01  2.9751882578e-02  -2.4663168277e-01  5.6998662945e-01  -4.7576480426e-01  1.4827706567e+00  -2.8860648756e-01  -3.1557405367e-02  -3.0187409856e-01  -7.5151962499e-01
  8.9078985973e-02  -5.3782127060e-02  3.7487539091e-01  -1.6567478293e-01  -3.1433787860e-01  -2.4236182528e-01  5.3690154453e-01  4.7614359745e-01  7.4633664348e-01  8.2502620615e-01  -2.2722057546e+00
  1.4637468995e-01  -1.5836702250e-01  8.5007823653e-02  -1.6390270858e-01  -6.0890479806e-01  -6.1492492543e-01  -6.8324495743e-01  -4.0441407666e-01  1.7445318261e-01  4.7795895681e-01  1.7499638356e+00
  3.4756077836e-01  5.7174857200e-01  -4.7873639014e-01  -3.0927434484e-01  8.6430093812e-01  6.4137138082e-01  -5.4461649385e-02  8.1624941835e-01  -5.0524468415e-01  -8.6775212424e-02  -1.8067388067e+00
  -1.0806292652e-01  3.9334043036e-03  5.4571351956e-01  -3.7679683504e-01  -6.8012675375e-01  -7.1511700565e-01  8.2044416151e-01  -7.2494670832e-01  5.5227002673e-01  2.6439523186e-01  4.1829388533e-01
  7.4296686641e-01  -3.4013476018e-01  -1.3082729375e+00  3.0140562140e-01  1.7400313939e-01  6.1889475144e-01  -4.4028710535e-01  3.7279858153e-01  3.1850674774e-01  -4.9359041743e-01  5.3709512521e-02
  1.8810930852e-01  7.8204477560e-02  7.2952573675e-01  6.0672290908e-03  2.5208174604e-03  -2.3800170076e-01  -7.4013440617e-02  -9.7645826529e-01  2.5616634689e-01  5.1530152791e-01  -4.8742203752e-01
  7.6933317368e-02  1.0197736587e-01  -2.5873258086e-01  -1.6873518488e-01  -7.9468529940e-01  -7.0157557484e-01  -3.2603737700e-01  -1.0692227011e-01  1.2142157096e+00  8.5780344085e-01  1.0575845337e-01

gradient:
  -2.0386838002e-06  -4.5498037705e-07  -4.1393465078e-06  2.3637808679e-06  3.1437307449e-06  -9.4032665565e-06  -7.9763084561e-06  -1.2035341313e-05  5.9661557117e-06  -5.2247826927e-06
  -2.4404062916e-06  -1.4063618739e-05  -3.0193799471e-07  9.3329104820e-06  -1.1091667667e-05  -2.4273781687e-05  8.3174445977e-06  -3.1128756063e-05  8.6303383054e-06  -1.7040599571e-06
  -7.0375092023e-06  8.1662036039e-06  7.0706520739e-06  -6.1173225812e-06  -7.4002169540e-06  1.3237959388e-05  4.2606668588e-06  -1.5902518797e-05  -3.3609358009e-07  -1.2872571764e-05
  -5.0855986967e-06  5.1919912238e-06  -1.4250784240e-05  -8.4725790929e-07  1.5286042286e-06  1.5817178917e-06  -1.1935071534e-05  -3.9514542573e-05  5.5787387907e-06  -1.3577493409e-05
  3.0507655711e-06  8.4451297203e-06  -2.7135897238e-06  5.2760216291e-08  4.2801409779e-06  4.6022055670e-06  -4.1512052056e-06  5.2637955092e-07  -6.9119773953e-06  2.8428800020e-06
  7.8004182505e-06  4.3728974696e-05  -2.9683865445e-05  -3.3395573379e-05  3.0710697669e-05  2.2745999075e-05  -3.0317241832e-05  -2.6295984183e-05  9.5111405026e-06  -2.5100346471e-05
  6.5755467216e-06  8.9595148463e-06  -6.2604581053e-06  1.7191880394e-06  1.6819328293e-05  1.7282568618e-05  -1.2192751025e-05  -1.5191545608e-05  -3.1106240461e-06  -6.0125511638e-07
  -1.5063573207e-05  -3.8298494238e-05  2.1347091003e-05  1.9320981406e-05  -1.7838051816e-05  -2.2691507877e-06  1.1762947677e-05  -2.2114506637e-07  -7.5404889592e-06  5.1057511561e-06
  9.6974834779e-06  2.0271719793e-05  3.0904463732e-06  -4.3889971151e-06  1.4799043784e-05  2.7083642557e-06  1.1398530284e-05  -3.7317225840e-06  1.9189780331e-05  -4.0902243500e-06
  -9.1422413318e-06  -2.5643100450e-05  8.2759563772e-06  1.2618181600e-05  -2.1449422903e-05  -1.5200295530e-05  5.2963438854e-06  1.5450272032e-05  -9.7268547357e-06  7.3319778926e-06

