========================================================================
n = 4
========================================================================
dimension                    = 8
final_gradient_pool_solutions= 100000
ehz_capacity                 = 1.267600378872e-01
2n_times_capacity            = -2.028160606196e+00
systolic_ratio               = 8.115395330692e-01
det(Q_refined)               = 9.9999999999441347e-01
gradient_fro_norm            = 1.597390886406e-05
gradient_maxabs_norm         = 5.804258938260e-06

Q_refined:
  -9.4211691502e-02  2.9787981111e-01  -6.9278466730e-01  -5.1804478557e-01  -1.6047762935e-01  4.4522516190e-01  5.3642573674e-01  7.6338563228e-01
  6.9068341382e-01  -7.6738204886e-01  -2.8937318944e-01  3.5968063645e-01  -9.4725553607e-02  -5.3019685895e-01  -9.4754864397e-01  -6.8154591082e-01
  1.2010535816e-02  -3.3561515581e-01  2.4500069407e-01  -1.7617780914e-01  1.0530432828e-01  1.1989282692e-01  6.7355126762e-01  1.8715879949e-01
  1.1212700010e-01  4.8290046325e-01  -3.7497645083e-01  5.9449278935e-01  2.7019081891e-01  4.7834845756e-01  4.8731549464e-01  1.2596768383e-01
  7.0538209659e-01  5.1020222293e-01  -1.4391970639e-01  2.7592797934e-01  -3.2063614369e-01  2.3603746388e-01  -6.7235653700e-01  4.5774003945e-01
  -3.0894859101e-01  -8.4155561404e-02  -2.5002584236e-01  -2.6177210646e-02  -6.5011452314e-01  -5.9924705614e-01  -9.1027747547e-01  4.4058010520e-01
  -5.2258396037e-01  6.6927227497e-01  1.0584239564e+00  4.4461456558e-01  2.3443648443e-01  -6.7305317694e-01  7.9034577742e-01  -1.8540822841e-01
  3.3480742272e-02  -1.5715831537e-01  9.4197810200e-01  2.5373508649e-01  1.1532819058e+00  -6.6768348667e-01  -6.7414213601e-02  3.9144946090e-01

Q_refined^{-1} B:
  -7.5875612133e-01  -8.3340317343e-01  -2.9763767170e-01  4.7534506196e-01  -7.9263650418e-01  6.7261791642e-01  -4.2436534172e-01  -1.3164009777e-02  1.9719998438e+00
  -6.6459583621e-01  -2.3344052023e-02  1.2773133077e+00  3.7784932088e-01  -3.1498578021e-01  5.3934695994e-01  -5.4288893283e-01  2.7272047410e-02  -6.7596703466e-01
  9.4218461176e-01  6.3851224200e-01  -6.6114035778e-01  4.0685169190e-01  -4.8705548644e-01  3.6733848927e-02  6.8284538880e-02  2.0013802665e-02  -9.6438489192e-01
  9.1357014765e-01  6.4599789634e-02  -8.3527689036e-01  -1.3192003423e+00  1.6205550772e-02  -7.7881331765e-01  1.0470588563e-01  6.1955599612e-02  1.7722535770e+00
  -3.3403032382e-01  -1.1178547464e-02  9.5838771402e-01  -9.3017357967e-02  4.0537163063e-01  4.6471852852e-01  2.7753385849e-01  -6.6195457003e-01  -1.0058309324e+00
  1.2404735402e+00  1.0559833389e+00  -3.2818602432e-01  -3.3560878631e-01  -1.3172223329e-01  6.4295644819e-02  8.8864221856e-01  1.8691799972e-01  -2.6407956982e+00
  -5.7325497947e-01  -4.6438255794e-01  -6.8165631284e-01  -1.4550688185e-01  8.2541148701e-02  1.3900138236e-01  -5.1623262207e-01  1.8466321350e-01  1.9748276096e+00
  -6.0124807248e-02  2.3764787120e-01  -8.3010611534e-01  -3.3635288398e-01  -3.0188563811e-01  -6.6010760287e-01  1.9531001645e-01  -3.2999122795e-01  2.0856103879e+00

gradient:
  1.5042652988e-06  2.8301386922e-06  -3.7130479671e-06  -1.2655982964e-07  3.9606509672e-06  3.2184006902e-07  4.3405084362e-07  -3.3177909850e-06
  3.2370362315e-06  8.6498080728e-07  4.2868451406e-06  1.3963836742e-06  -1.5195551671e-06  1.6473853771e-08  5.9122827657e-07  3.9525503153e-06
  9.7523239247e-07  1.7818644294e-06  -5.9115192080e-07  1.0351830767e-06  1.3313839888e-06  2.1308780298e-06  5.1368056619e-07  -1.0711725558e-06
  1.7848585866e-06  3.6977121019e-06  -1.7388184948e-06  -8.5829250191e-07  2.8508501383e-06  3.3696271412e-07  1.0501096179e-06  -1.5710366371e-06
  5.9889398332e-07  -4.7151167246e-07  -1.4925396229e-07  1.5292656572e-06  4.9724556067e-07  -4.5235864556e-07  5.1489799447e-07  1.1667727716e-06
  6.6900330966e-07  -2.8252335256e-07  1.8121327604e-07  1.9987246559e-06  -3.1517414250e-07  2.8792339914e-06  2.5363591827e-07  -5.7472432300e-07
  -1.8257893409e-06  -8.9101844112e-07  6.7427267702e-07  -1.5630727433e-06  -7.8664907230e-07  2.1236279323e-08  -8.1061147454e-07  -4.8839129881e-07
  2.1376944967e-06  -1.2525871285e-06  5.8042589383e-06  2.9306895250e-06  -3.2061507321e-06  1.6598983252e-06  6.3818245562e-07  4.4506236185e-06

