========================================================================
n = 3
========================================================================
dimension                    = 6
final_gradient_pool_solutions= 100000
ehz_capacity                 = 1.689718761063e-01
2n_times_capacity            = -2.027662513276e+00
systolic_ratio               = 4.083860714541e+01
det(Q_refined)               = 1.0000000000095441e+00
gradient_fro_norm            = 2.212794260753e-05
gradient_maxabs_norm         = 9.931514483725e-06

Q_refined:
  8.8124868228e-01  -5.8890031755e-01  3.6765207886e-01  1.5238119129e-01  8.4536354965e-01  -1.0362038231e-01
  -6.4468759934e-01  -1.5651471388e-01  -2.1918908750e-01  5.9743231269e-02  -1.4948935384e-01  8.1525785843e-01
  -9.6442371385e-02  2.2284363890e-01  6.2191100684e-01  7.9405056590e-01  5.0896650405e-01  -1.6895080716e-01
  6.1133026556e-01  3.3473444253e-01  4.1105560984e-01  2.6196633988e-01  -2.3839721094e-01  7.4079786250e-01
  5.4154998182e-01  3.8042525425e-01  -1.8569642111e-01  2.9561100837e-01  4.0245330859e-01  1.0715829991e+00
  7.1151932308e-02  1.1461032995e-01  -6.4631368360e-02  7.0006001086e-01  -5.8937581631e-01  -6.9014108801e-01

Q_refined^{-1} B:
  -3.4594173020e-01  4.6063569115e-01  4.6665298109e-01  -3.1225645494e-01  -2.6488464076e-01  -2.6461648451e-01  2.6041063816e-01
  1.0017392276e+00  1.0578346299e+00  -4.1207834098e-01  8.4586896646e-02  -5.8910004912e-01  3.7618475531e-01  -1.5191671193e+00
  -2.3601180876e-02  -9.3534343866e-03  -5.5533418872e-01  -1.0269637896e+00  1.0096498069e+00  5.9378474481e-01  1.1818041880e-02
  -2.7402504637e-01  -5.3950783972e-01  -3.3944579047e-01  1.7942989392e-01  -3.4654252047e-01  -8.5855137084e-01  2.1786426739e+00
  -7.4757744364e-02  2.8824798679e-01  -4.6089755369e-01  7.5189181289e-01  -5.2585792551e-01  4.5514071909e-01  -4.3376729520e-01
  -8.1219556203e-02  -5.6938478629e-01  8.0963565800e-02  -3.8207289078e-01  -1.2213686682e-01  1.6898450382e-01  9.0486603047e-01

gradient:
  4.6017655100e-07  -7.6530044558e-06  1.2521256262e-06  8.1714329898e-06  1.3828872715e-06  -6.1086649230e-08
  2.8500263527e-06  -2.4285288815e-06  2.1629109245e-06  2.4704130423e-06  3.5269583482e-06  -2.2094700396e-06
  -3.4315955797e-06  -1.1279185629e-07  -3.7496955915e-06  5.8719980357e-07  1.0615387857e-06  -3.3227118735e-07
  3.4466179568e-06  9.9315144837e-06  3.4732026378e-06  -1.7120112365e-06  2.4490766754e-06  2.6545695302e-06
  -1.9738583795e-08  -5.5603779224e-06  4.5755975975e-06  2.1247524177e-06  -2.9309936304e-06  -5.4605672551e-07
  2.5947690855e-06  8.0711723615e-06  2.1677899717e-06  -2.3071183861e-06  -1.5105148621e-06  1.7506045427e-06

