
========================================================================
n = 8
========================================================================
dimension                    = 16
final_gradient_pool_solutions= 250000
ehz_capacity                 = 6.255033625876e-02
2n_times_capacity            = -2.001610760280e+00
systolic_ratio               = 7.684525083029e-01
det(Q_refined)               = 1.0000000000229194e+00
gradient_fro_norm            = 1.694676510567e-02
gradient_maxabs_norm         = 3.105823243158e-03

Q_refined:
  -2.5867859266e-02  -4.4308438325e-01  -2.7368631858e-01  -4.5293427664e-01  -6.7408554835e-01  -5.7618280731e-01  9.7880489952e-02  1.5512108556e-02  8.1684292652e-01  8.5782670132e-02  3.1496231329e-01  4.8790241089e-01  -3.8414030214e-02  -2.8646760446e-01  6.9240336322e-01  8.1139564382e-01
  -1.3778507452e-01  -7.0552892774e-01  4.3166928646e-01  -6.4778310331e-01  3.1437218266e-01  -2.0725545269e-01  -3.0301182117e-01  -6.3492462177e-02  4.2063041506e-01  -4.9947740087e-01  -3.5822086364e-01  -7.9013254982e-01  -4.7501500686e-01  4.9725109572e-01  -3.9349890321e-01  -6.4770410672e-01
  -1.2058979175e-01  -2.0448367773e-01  -6.3980764314e-01  -6.5214313944e-01  -2.6191869641e-01  -2.3261354485e-02  -6.4053918402e-01  2.1455626385e-02  1.5682452665e-01  -3.9235173306e-01  -3.4179273743e-02  1.7974819607e-01  -3.3978343928e-01  -2.9141038685e-01  -4.5858983153e-02  -3.7424136914e-02
  1.0919291930e-01  5.2231208649e-02  1.1626148248e-01  -6.1860676517e-01  4.5019321755e-01  2.6823581741e-01  -6.5391606840e-02  -5.6238887441e-01  2.3636233451e-01  -1.1752808949e-01  3.1689859082e-01  1.2892643519e-01  -3.1618074699e-02  7.2282536832e-01  -3.7578130906e-03  3.2435343018e-01
  5.0067191813e-01  5.9660261696e-01  -2.1148184517e-01  1.6644680384e-01  -1.0529743976e-01  9.2036291391e-01  -1.3970319311e-01  3.6232404396e-01  -1.8528789184e-01  -1.1997516706e-01  -2.2885035141e-01  -3.3369399671e-01  -5.8820250518e-01  -4.9436661035e-03  -1.7080789708e-01  -2.2447803170e-01
  -1.2493564856e-01  2.2519746824e-01  -4.1076082773e-02  2.3068923231e-01  -1.2950924708e-01  2.7420864513e-02  5.4289332206e-01  3.2235404011e-01  6.9714365366e-02  3.6049632364e-01  -2.9252272605e-01  6.0542394756e-03  6.3876088411e-01  7.3550305618e-02  -1.8822238808e-01  4.2427948465e-01
  4.4784538950e-01  1.0612126624e-01  1.8689293483e-01  -2.5828850528e-01  -9.3033530798e-02  -9.2885839609e-02  -6.0573004862e-01  -1.4709487691e-01  1.6096124366e-01  6.3800704631e-01  2.0006475637e-01  5.5552776272e-01  9.4286021215e-02  1.4134613108e-01  5.7356113544e-01  1.1885458920e-02
  -2.9229790633e-01  -1.6960363136e-01  -3.2316978594e-01  -6.3122512221e-01  -5.7419482401e-03  -7.0778419217e-01  -4.7193066831e-01  1.3707460711e-01  -3.4877320183e-01  -2.9873665468e-01  3.1113712226e-01  -4.6686954257e-01  -4.8267615515e-01  -1.8195253273e-01  5.7486604683e-02  -3.9678489489e-02
  -2.1242986507e-01  -1.4291162264e-01  -2.0731062136e-01  -4.0538232049e-01  -2.7504226131e-01  -1.5921913122e-01  -1.7504667348e-01  -4.1915123837e-01  -3.2059231560e-01  -3.7390173340e-01  -7.9333228522e-01  -1.4077697979e-01  -3.2888752661e-01  2.0774750532e-02  -2.0889670224e-01  4.1093357949e-01
  5.5181892032e-02  -2.4447237077e-01  -3.7703871195e-01  -2.6188075111e-03  8.3032095448e-03  1.8482761630e-01  -2.1020080074e-01  -1.9524958311e-02  -1.9831662724e-02  1.3468068423e-01  -3.4095087430e-01  -1.6357493827e-01  -1.7538668053e-01  1.3239823366e-01  -5.6233274578e-02  3.3244547352e-01
  3.5188200051e-01  -3.9130544646e-01  -4.4828431333e-01  1.1821871862e-01  -8.5769871309e-02  -4.5516111309e-01  -8.4493994514e-02  -6.6387292640e-01  3.8449379757e-01  8.1808879976e-01  -9.8384891779e-02  4.7237568880e-01  -7.3661924214e-02  -6.3164179735e-01  -1.1561244436e-01  -3.4899377684e-01
  -5.4684364915e-01  -3.8806801380e-01  2.0333425798e-01  -7.7407464056e-01  -6.7316691198e-01  3.4782345938e-01  2.8292362838e-01  -1.7616392482e-01  1.8018806827e-01  6.9867272456e-02  -2.8076582984e-01  -5.3310493391e-01  -1.4047212503e-01  -4.1724369094e-02  2.3904728804e-01  -1.5543256851e-01
  -7.5142901393e-01  -4.2398876450e-01  2.7942855214e-01  -4.0669086106e-01  2.7745799781e-01  -6.6062372208e-01  1.4921175022e-01  -6.1143590014e-01  2.6538849027e-01  -1.4842629218e-01  -2.3555008997e-01  -3.6818447299e-01  1.1953930496e-01  1.1665963178e-02  1.1894652047e-01  5.0464785449e-01
  -1.0221360778e-01  -2.5814609818e-01  -4.2787813544e-01  -2.1692663233e-01  3.5990359789e-01  1.7792480548e-01  -2.0097818532e-02  7.2688977878e-02  6.8217105982e-01  5.1287387562e-01  -2.2608802901e-01  1.5733467660e-02  -5.1869311536e-01  4.0590926197e-01  6.4191111417e-01  2.3747307174e-01
  -3.8577738152e-01  -2.1124237784e-01  -6.2808339241e-01  -3.4988468017e-01  1.3744797183e-01  -3.2224146644e-01  -5.3274522954e-01  -2.4323500109e-01  -2.7848957886e-01  -2.5556991255e-01  -1.3293178855e-01  -3.3588890139e-01  7.9713166993e-02  1.0735386474e-01  4.3536334043e-01  -2.0235987780e-01
  -2.5239589049e-01  1.9504209879e-01  2.5651507158e-01  6.8710360091e-01  -2.3673043532e-01  1.5423787154e-01  -1.6673562167e-01  -3.8529850937e-01  1.4169435718e-02  5.4072532812e-01  2.0913847262e-02  -1.2134856857e-01  -1.8074748050e-01  3.9295331368e-01  2.4258053214e-01  -2.8264920547e-01

Q_refined^{-1} B:
  -6.1780251551e-01  -3.7356400618e-01  1.0776936224e+00  -1.9150690856e-01  -6.4923878068e-01  1.2916460782e-01  -2.2830738144e-01  9.3829301570e-02  -1.1124198141e-01  -2.9342457942e-01  -3.3751493955e-01  1.8978723658e-01  3.1959594074e-01  4.5251249446e-01  -4.7285635853e-01  5.0166437983e-01  5.1120986786e-01
  -3.6446658252e-02  4.6561741394e-02  -3.2031320947e-01  -2.2649784481e-01  -1.0255853484e+00  -8.9149162936e-01  -2.0730477039e-01  -2.3792606361e-01  -2.2451613228e-01  1.5313309110e+00  -1.1655635135e-01  3.6683617677e-01  -4.9858776531e-01  -5.2359471809e-02  -1.6599794024e-01  -3.2628542563e-01  2.3851397817e+00
  2.0086085540e-01  -7.5425618384e-02  7.2765886851e-02  3.5469649711e-01  7.5845398014e-02  4.1014607320e-01  -5.7642314715e-01  1.2724202130e-01  -8.4555138299e-04  -2.3715176629e-02  3.3255356983e-01  -1.1389894303e-01  -4.8839880499e-01  1.2947267863e-01  6.2061052768e-01  7.5532674231e-02  -1.1210189407e+00
  -2.5395062482e-01  -3.1562036151e-02  9.8163399730e-02  3.1024083715e-01  -8.7757479814e-03  3.1812507061e-01  3.3644986723e-01  3.3990293778e-01  1.6788617574e-01  -4.6640541248e-01  9.3584599042e-02  4.0482233989e-01  -9.4072693759e-02  1.6391899483e-01  -1.0033801420e-01  -4.6379684199e-01  -8.1419285062e-01
  5.7437507744e-01  1.9078482170e-01  -2.0424006228e-02  8.6974508496e-02  1.5856738985e-02  3.2023470002e-01  -9.3206191778e-02  8.1336839009e-02  2.9799756785e-01  -2.8282801396e-02  1.1889468330e-02  2.2982113466e-01  -5.7735025147e-01  -4.7365668666e-01  8.9822673154e-02  5.3278216597e-01  -1.2389557581e+00
  3.3793724890e-01  3.5055728791e-01  -4.1535766063e-01  -4.8157443635e-02  -1.0874717523e-02  4.9539542276e-01  1.9310839889e-02  5.0393698037e-01  5.1242259587e-01  -8.3454961593e-01  2.1027891240e-01  -4.6197631855e-01  -2.1366542698e-01  6.4505473844e-02  1.8020721060e-01  1.5037878557e-01  -8.4034957487e-01
  -1.6019307624e-01  1.3046927826e-01  8.5641050768e-01  -2.7905540216e-01  2.0387524737e-01  2.0952041021e-02  6.7712615933e-01  -1.2827220870e-01  -4.8984594939e-01  8.2490499903e-01  -2.6159173760e-01  -2.7578278522e-01  6.5984786845e-01  -4.4212971588e-01  -7.8194391336e-02  3.1889271540e-01  -1.5774135500e+00
  1.7873508430e-01  -1.2987825553e-01  -2.5086676611e-01  4.9837895138e-01  3.6292124304e-01  -3.0338937648e-01  -1.8676845885e-01  -2.6337770568e-01  1.1403455798e-01  -7.3140529263e-02  4.3390151011e-01  4.5283687202e-02  3.3461112520e-01  -3.9606344763e-01  3.7625902246e-01  2.1571745292e-01  -9.5635809504e-01
  -4.7113583338e-01  -4.6988490569e-01  -6.1010417741e-01  -3.9601494595e-02  -7.3716540510e-01  -5.3596698114e-01  5.0335262587e-02  4.1214497761e-01  5.0218417292e-01  4.4726438799e-01  -1.6100856341e-01  3.4946149406e-01  -6.4709550888e-01  6.8691439112e-02  -7.8257582193e-02  -2.9400038170e-01  2.2141390992e+00
  4.5620435029e-01  1.7969542105e-01  -2.6100857998e-03  -1.1403007934e-02  2.0370393367e-01  -4.3225611327e-01  -3.8125675288e-01  -5.6696438366e-01  2.0501311385e-01  -4.5617869792e-01  -2.7537551112e-01  -3.1090300710e-01  -6.3319250796e-03  -2.3604480616e-01  4.6836954362e-01  -1.3442671249e-01  1.3007646409e+00
  -1.5908847850e-01  2.2221029123e-01  -4.8703898522e-02  -4.8962667671e-01  1.4363397348e-01  2.4572482346e-01  3.3041166436e-01  -4.6507612731e-01  7.6451174352e-01  -4.9897014407e-01  -9.0972192714e-03  -1.2534336454e-01  1.0448171361e-01  3.5309133772e-01  1.8002637358e-01  -2.2826573028e-01  -3.1992028177e-01
  3.9687394841e-01  2.8268565164e-01  -5.7101077011e-01  6.1841603111e-02  1.0515875869e+00  3.0392323550e-01  5.4173505762e-03  2.6717802575e-01  -6.8528961201e-01  6.9404712935e-01  1.8494911463e-01  7.2270226877e-02  6.5622086607e-01  -6.1304424664e-01  5.3460624649e-01  4.7577276290e-02  -2.6898336329e+00
  -8.1294894020e-02  -1.3482516913e-01  -8.3887347480e-02  -4.7173896541e-02  -1.0168073556e-01  -5.2946831374e-01  -2.7919642770e-01  4.9199906902e-01  5.3034270804e-01  -3.2228456569e-01  7.9745661094e-03  -3.7811563343e-02  -2.4635365243e-01  6.1525088364e-01  -6.8973757914e-01  2.1154074644e-01  6.9660617152e-01
  -2.0786409145e-01  -3.8926551793e-01  2.9713608702e-01  -5.5877855980e-01  5.4382625431e-01  -4.6863827862e-01  2.1958886028e-01  -1.7189448219e-01  -5.3421684197e-01  2.0897553121e-01  1.8690043572e-01  1.6029707958e-01  1.0345753611e+00  -2.0400715464e-01  -2.1913441405e-01  -5.0442836367e-01  6.0692809514e-01
  -3.0188353812e-01  1.7888290712e-01  6.9222153432e-01  3.3653186735e-01  -2.2480801698e-01  6.0270762043e-01  -2.4827773136e-01  3.5668532090e-01  -8.2621164648e-02  3.6276208417e-01  2.1306758641e-01  -1.2851957428e-01  -7.2250032187e-02  -2.8852423179e-01  -7.1005806482e-01  2.9184576143e-01  -9.7776232793e-01
  -1.8344294777e-01  2.6597372116e-01  1.5314432195e-02  -6.7520120580e-02  -1.7462656144e-01  5.6608801522e-02  -1.3463739093e-01  -1.2521309096e-01  1.3072420632e-01  -1.0324493424e+00  2.4052805600e-01  1.3994291806e-01  -5.6448725970e-01  2.2490690135e-01  3.8625527684e-01  6.4270755495e-02  7.5785164485e-01

gradient:
  -7.9809994691e-04  1.7534184152e-03  -9.0604998085e-04  1.6070811185e-03  9.4679796786e-04  -1.8754589731e-03  8.1730182794e-05  -7.0339733796e-05  2.5725699872e-04  -7.9356666514e-04  -5.9374333239e-04  -1.3857898184e-03  1.7051903380e-03  1.5216116240e-03  -9.0483639728e-04  -1.1890192150e-04
  -2.4479702931e-04  -1.3775400917e-04  1.6048823854e-04  1.1550382641e-03  1.5261293306e-03  -1.0637040359e-03  3.0216694288e-04  -3.9890394065e-04  -1.6175748226e-04  -4.6938301751e-04  -1.0228873922e-03  1.4412655534e-04  5.3968004633e-04  1.1897676960e-03  -1.0581936138e-04  -1.5331023872e-04
  7.2280599649e-04  -2.2884085123e-04  1.0762958817e-04  9.2029124216e-04  1.6988368193e-03  -1.6102370575e-03  8.9423896934e-04  -1.1330659584e-03  3.6166566346e-04  -1.1007959831e-03  -1.9088387418e-03  -2.1078457157e-04  6.2764787291e-04  1.7680865058e-03  -1.6875031838e-03  7.7664304856e-05
  1.3326383649e-03  -2.3176270640e-03  2.0139997691e-03  6.7931934514e-04  -1.4165407975e-04  7.6374702226e-04  -1.3998889052e-03  1.9896534182e-05  -1.1749679028e-03  1.2913315981e-03  -2.8222618982e-03  1.9130537172e-03  -2.2478703351e-03  -8.7564544452e-04  9.1334750233e-04  1.5275930720e-03
  -1.5793498412e-03  2.8983719496e-03  1.0378751276e-03  6.9051419442e-04  2.4335579943e-04  -2.3327398041e-04  -4.1029636747e-04  3.8161202860e-04  2.2945702869e-04  1.4721000938e-04  1.3607485782e-04  -2.0610812845e-03  1.5075510973e-04  -4.0455846694e-04  4.9751162680e-04  -1.4514740444e-03
  3.9377434652e-05  -1.6422771970e-04  4.2691413364e-04  7.8139979606e-04  1.1559448641e-03  -1.0634111667e-03  6.3747618638e-04  -1.7287261895e-03  -9.5995222179e-04  -3.4023118589e-04  -1.0840820156e-03  1.4980914705e-03  -6.5173783891e-04  2.0127749552e-03  -4.1719046902e-04  -4.2583359610e-04
  -1.2489032808e-03  1.0723292923e-03  -6.4325247895e-04  8.0124117306e-04  -1.9782545371e-04  1.3598485074e-03  1.1951125821e-03  -8.5535505117e-04  -9.2502726649e-05  5.5723510978e-04  1.0551133215e-03  -1.4868703945e-03  -2.9754044429e-04  -1.4189871272e-03  7.1673897665e-04  -6.7490245226e-04
  5.5340744338e-04  9.2364182695e-04  -7.2163131909e-04  2.8186328743e-04  -1.0800190233e-03  5.2297860779e-04  1.0729247165e-03  -2.7624317195e-04  -3.2472141679e-05  -1.9346877148e-04  9.7881671407e-04  1.0232322645e-03  -4.1040958887e-05  2.0715787165e-04  -9.5617944739e-04  -1.3794689927e-04
  -5.0791925394e-04  3.1058232432e-03  -4.4639675215e-04  -1.3302372840e-04  -1.6196290520e-03  2.4142083256e-03  5.9433668554e-04  2.9897308666e-04  6.1621574741e-04  -1.3160747016e-03  2.8581591323e-03  -7.6649723512e-04  2.4066912999e-04  -1.8034450042e-03  6.9583723214e-04  -6.0248135619e-04
  7.3695758094e-04  -2.7510162305e-03  -9.9229166865e-04  1.1651540879e-04  -3.2300535082e-04  -1.5322698546e-04  1.2813608779e-03  5.8689794385e-04  1.6847779362e-03  -4.2374989119e-06  -2.4404520080e-04  1.5462905064e-03  9.1952525411e-05  -5.7032304043e-04  -1.7635157622e-03  1.2094184554e-03
  -3.9398636525e-04  1.9018086604e-03  5.6913352442e-04  -3.8960506257e-04  -3.9598294301e-04  8.7651704075e-04  2.3665047180e-04  4.8298018272e-04  6.0801632119e-04  -9.8028166660e-04  1.2390331105e-03  2.1387436779e-04  4.6760502662e-04  -5.6640908418e-04  1.6228555524e-04  -9.2289483719e-04
  3.6913871157e-04  -1.0851333567e-03  -5.8339439034e-04  1.3109337925e-04  7.7353993944e-05  -8.9246051225e-04  1.1077772463e-03  1.1150947006e-03  -5.0142762111e-04  1.1013134180e-03  2.7322923531e-04  1.6323862899e-03  -2.1796337344e-03  1.4798961794e-03  -7.6546307401e-04  -3.7358867961e-04
  -1.5172172163e-03  2.2805312259e-03  1.8356296817e-05  -2.9893721148e-04  9.4121949388e-04  -7.3524700491e-04  4.1452772400e-04  -6.6450723925e-04  2.6354859643e-04  -1.7664776999e-05  4.8006088569e-04  -2.4401472605e-03  1.0129104310e-03  7.9271924653e-05  -3.4653268010e-04  -1.8108082307e-03
  4.4268453035e-04  2.1820052328e-04  -2.4267360222e-04  6.6687843339e-04  -5.5963365158e-04  -4.8741587176e-04  -3.5879834375e-04  -1.3516106875e-03  -7.2510236072e-04  -3.2277006806e-04  -1.1051551054e-03  1.1360995398e-03  -1.7408656789e-04  5.4976331819e-04  -1.1007080096e-04  7.0832096238e-04
  -1.1307942669e-04  3.7544157421e-04  1.4711927739e-03  -1.1812423865e-03  -8.0844788680e-04  1.3388438075e-03  -5.4911962163e-06  1.5590199004e-03  8.7400378860e-04  4.7936197511e-04  2.1410131312e-03  -1.8962047435e-03  -7.5880292036e-04  -1.2940519823e-03  2.4157585105e-04  2.6815146375e-05
  -6.4396514024e-04  5.3834493848e-04  1.9273365087e-04  2.7757914540e-04  1.4062020379e-04  -1.3756331200e-03  -1.4574864124e-04  1.2459077971e-03  1.4196298277e-03  -1.7240245492e-03  -4.8118920198e-04  9.3989634801e-04  7.0357687487e-04  5.8066978260e-04  -1.1912962218e-03  -2.6535052211e-04

