
========================================================================
n = 7
========================================================================
dimension                    = 14
final_gradient_pool_solutions= 200000
ehz_capacity                 = 7.209762217750e-02
2n_times_capacity            = -2.018733420970e+00
systolic_ratio               = 7.796824746729e-01
det(Q_refined)               = 9.9999999994264810e-01
gradient_fro_norm            = 6.320823623942e-03
gradient_maxabs_norm         = 1.134253094772e-03

Q_refined:
  -1.1260566624e-01  -1.4163754069e-01  -5.7520266567e-01  4.5379063789e-01  -4.3453978267e-01  -1.0696502686e-03  -7.5818863660e-01  -1.2988867512e-01  1.1319686490e-01  -5.9223559088e-02  -2.0563410758e-01  -3.0784417273e-01  -2.6612976695e-01  3.9496978116e-02
  8.5112694693e-02  -7.6680526941e-02  -5.6647646893e-02  8.1314358456e-02  2.6191162995e-01  2.9674017272e-01  7.9890978417e-01  -3.5626884093e-01  2.0797479569e-01  4.0880290142e-01  -3.0312726349e-02  9.5614361988e-02  3.4466051141e-02  -1.8286899300e-01
  -1.7259701358e-01  3.2377370932e-01  -1.6529800376e-01  2.0368867031e-01  -4.3493736764e-02  1.5925568331e-01  5.6618892967e-02  -2.9874793740e-01  2.0155962715e-01  -5.9664436034e-01  4.1915176626e-01  -2.2572657790e-01  2.3100184406e-01  2.1421116299e-01
  -2.4803181550e-02  -5.4562995184e-02  -4.8390892396e-01  1.4850885232e-01  2.7222958504e-01  -4.7057624893e-01  -8.5435856724e-01  -3.2415055509e-01  -2.4257307372e-01  -6.7245523802e-01  5.5967158529e-02  -4.2598488732e-02  3.3964658789e-01  -7.3299418842e-01
  7.7415899372e-02  1.1573037438e-01  1.8301781840e-01  -1.5718006162e-01  -2.3261419226e-02  1.3686731225e-02  -7.7012148021e-02  -4.5927505739e-01  1.3185446563e-01  5.8123582402e-01  -6.2752546021e-02  1.5196463558e-01  -1.7302410632e-01  7.0603216308e-02
  -7.0805185542e-01  -7.4611473851e-01  -1.6265029433e-01  -5.9662938605e-01  -4.2522893897e-02  -2.3323273168e-01  -3.3260636135e-01  -9.6457182935e-02  -3.0276359692e-02  -1.3392643979e-01  -1.5243657636e-01  -5.9229739386e-01  -2.1902241484e-01  -7.8444807241e-01
  -3.1197767897e-01  2.3405042661e-01  7.6054075190e-01  8.2326265308e-02  -2.9410733367e-01  1.9319772621e-02  7.9882747548e-01  1.9136347312e-01  3.3636454382e-01  3.6909521235e-01  -3.4617799182e-01  5.1617129179e-01  9.6758648182e-03  1.2000785669e-01
  -3.1364003942e-01  3.2310325135e-01  7.9758401989e-02  -4.8094635396e-01  2.0638871876e-01  1.8827596219e-02  -3.1386870717e-01  5.7858724567e-01  5.1622040040e-01  7.9213395757e-01  1.7541393274e-01  3.3084534986e-01  -3.4076254796e-01  1.4732855474e-01
  -1.2507721987e-01  -8.0614733386e-02  6.0380461849e-01  -3.8070291211e-01  -8.6309359444e-02  2.9939167252e-01  -2.9766069515e-01  2.7347761740e-01  -1.6631035478e-01  -9.2622049839e-01  4.0780602614e-01  6.7558732540e-01  -1.9409001333e-01  7.8955365416e-01
  -6.8619610253e-01  5.4132404546e-01  -1.0609644382e-01  -5.1186835742e-01  -2.5256769952e-01  2.3833255387e-01  4.3703990615e-01  -6.6437908918e-01  -7.1766976119e-01  -3.1921202240e-01  -6.7276372988e-02  -3.9773525928e-01  -4.1279696614e-01  1.5152620482e-02
  8.9878163201e-02  -3.2544776981e-01  -3.3906378001e-01  -4.4778739982e-01  -2.4863469920e-01  -8.1224972074e-01  -8.9489114560e-02  1.5445072718e-01  -5.1849054847e-01  1.4647959641e-01  -5.0043722902e-01  -1.2269338297e-01  -3.5617156886e-01  1.8117335714e-01
  -2.0806266301e-01  4.3510575617e-01  1.3803629602e-01  -5.0274493231e-02  -2.2912480346e-01  -2.9112883755e-01  -2.8355750523e-01  -1.1396541959e+00  4.5421904768e-01  2.1954624531e-01  -1.4957472435e-01  -5.4534661042e-01  -1.2100641699e+00  -2.3401024621e-01
  2.2161214226e-01  -4.3664135444e-02  -1.3130464835e-01  2.6120733743e-01  -2.9066292216e-01  7.7198280231e-02  5.4462232944e-02  1.0661739898e-01  2.2642093916e-01  9.1186713191e-01  3.2627603091e-01  -1.4555403445e-01  -3.6190678095e-01  -1.2303435169e-02
  -3.1462329733e-01  1.8263409021e-01  -2.8350292696e-01  3.8486553684e-01  3.6949129807e-01  -1.7251015355e-01  -6.9095630748e-01  1.4596244751e-01  -5.2233670061e-01  3.0779528712e-01  -1.2872065164e-02  -2.1725982998e-02  -3.2724460146e-02  5.0631695932e-01

Q_refined^{-1} B:
  1.8429697223e-01  3.6418436689e-01  5.6434586580e-01  2.0835766641e-01  -4.6472533340e-02  5.6702181127e-01  6.8623276676e-01  1.7434161758e-01  1.5566068305e-01  1.4436789059e-01  2.2791960448e-02  -1.3204913704e-01  1.1045478604e-01  5.3807183953e-01  -3.5416065562e+00
  1.2500113934e-01  6.3094774074e-01  9.4932429875e-02  -1.6108378239e-01  2.4470575682e-01  6.5244696464e-01  -3.7918542705e-03  -4.4689298347e-01  4.6193151919e-01  -4.4398146349e-01  2.0877083120e-01  -1.2396525038e-01  2.3431844840e-01  2.1907479193e-01  -1.6924142882e+00
  7.3975315728e-01  1.0094857099e+00  3.5975355618e-01  3.6408109614e-01  -2.8005975673e-01  -2.7050445294e-01  -2.1021202764e-01  5.7387769578e-01  4.8343220720e-02  2.4110921240e-01  5.5034317955e-01  -2.8797472878e-01  1.5994982186e-02  -2.2767576530e-01  -2.6263150787e+00
  -1.3102714851e-01  -2.7592857812e-01  1.4357759539e-01  -2.2791994194e-01  7.4990950859e-01  8.7862894035e-02  -4.7195171441e-01  4.4482523986e-01  -8.5518846161e-02  2.0297731281e-01  2.4080699583e-01  -2.5151123765e-01  -4.2715203281e-01  -5.5166350671e-01  5.5271345979e-01
  5.2551613835e-01  -6.6371814489e-01  2.6970704451e-01  1.9388519566e-01  6.0456409199e-01  -2.2146281931e-02  4.6229702020e-01  -1.7511082787e-01  3.7261422565e-02  3.4879756245e-01  1.7651818112e-01  -4.1664135760e-01  6.6180660623e-01  -5.9955697797e-01  -1.4031796728e+00
  -6.3376619058e-01  -8.6043965621e-02  8.7030651906e-01  4.7231777603e-01  -6.9374146756e-02  1.0099613044e-01  5.1594804235e-01  -6.8953854033e-02  -2.6110650167e-02  -4.0224807472e-01  8.5335470607e-01  2.2006428555e-01  3.8139945480e-01  2.5623229372e-01  -2.3841223261e+00
  2.3296363941e-01  -6.4503280206e-01  -2.8664477994e-01  9.0810501753e-03  6.0859727631e-01  4.8481317483e-02  -2.2391601278e-01  4.6732552204e-02  -2.4191143625e-02  -6.7702028173e-02  -3.5019049000e-01  -4.1911073973e-02  -2.0735538954e-01  5.3646738703e-02  8.4744114581e-01
  5.9046943810e-02  3.7466344627e-01  4.6158551449e-01  1.8692900727e-01  1.1380311265e+00  1.2738866552e-01  2.9471685479e-02  -3.3124289731e-01  1.4370726773e-01  -1.8978013504e-02  1.1649192090e-01  1.1684752180e-02  -6.1900860121e-02  7.2799439068e-02  -2.3096779983e+00
  -3.1031333875e-01  -2.3062812196e-01  -6.7844743902e-01  2.2658317380e-01  -5.8353006034e-02  -8.8405396237e-02  -4.7042567919e-02  -4.3735718822e-01  1.2172747163e-01  5.1400632647e-01  -1.0020866751e-01  -1.7521551897e-01  4.8111423592e-01  3.2691256851e-01  4.5562746830e-01
  1.0119885329e-01  1.2367241895e-01  2.2531517508e-02  7.5789104765e-02  -7.2339385635e-01  -1.3569128438e-01  -6.2073949101e-02  -2.1539270260e-02  2.2194378286e-01  -3.3552587069e-02  3.4971170123e-02  2.2001975049e-01  -3.6182729288e-01  -2.1612875080e-01  7.5408039286e-01
  6.7755128653e-01  -4.4449762540e-02  -7.7448313751e-01  -5.0490452475e-01  5.0787711716e-03  -2.2709343049e-01  -2.1710346221e-02  6.0575970254e-02  -4.3409702457e-01  -1.0344650120e-02  -9.9981490338e-02  7.8727096764e-02  -1.3027041589e+00  -1.1947213055e-01  2.7173075313e+00
  -4.6931801135e-01  -9.8742439293e-01  2.4291351290e-01  -9.9261866651e-01  -1.6061638138e-01  3.0743895951e-01  -5.2834815023e-01  -3.3504827357e-01  -6.8006090847e-01  -1.6350036853e-01  -2.9241592958e-01  2.4125748380e-01  -3.1329064122e-01  1.3554564780e-01  3.9954861198e+00
  9.3637596057e-02  6.3641243518e-01  -7.6771571628e-01  1.0545984046e-01  -1.2611205778e+00  -2.1014693441e-01  -1.2798579360e-01  1.6777502581e-01  4.8466909462e-01  1.0247626471e-01  5.2010778573e-02  6.5270262143e-01  3.1643199543e-01  6.3698797292e-02  -3.0830542744e-01
  -9.3811313725e-02  -7.5003954953e-02  -7.8829499424e-01  6.8169231576e-01  -5.1506471515e-01  -3.6119076039e-02  1.5089475795e-01  7.6210363901e-02  -1.0658734919e-01  3.0207373320e-01  -4.2194152128e-01  5.1088625456e-02  3.8980602371e-01  -3.7526369918e-01  7.6032080379e-01

gradient:
  4.9746130517e-04  -2.3209524918e-05  9.0398291941e-04  -4.8746642054e-04  3.0253294412e-04  -2.7716793793e-05  2.2790707086e-04  -3.1270755350e-04  -1.3164050103e-05  -2.9846425054e-04  3.4430418789e-04  5.7523082753e-04  -3.8052896157e-04  -6.0841984270e-04
  1.6464369964e-04  -7.0423743524e-04  -3.7024174991e-04  3.6401650864e-04  3.4220551672e-04  9.7455017990e-05  -4.6769651611e-04  2.6278769937e-05  -2.6192496825e-04  -5.4070763395e-04  -8.3691583548e-05  3.6186030730e-04  2.2777600802e-04  -6.7201348918e-04
  -8.4452115422e-04  -1.0578942040e-03  5.6272262099e-04  7.4318877040e-06  9.8351036325e-04  5.1561004769e-04  1.6688984388e-04  -1.8342639176e-04  -2.3728902629e-04  -1.2557357333e-04  1.0523493525e-04  5.9099300876e-04  -6.0254774804e-05  -3.7858710212e-04
  -3.8149451560e-04  -4.0150468747e-04  1.1642167414e-04  -7.0532804926e-05  9.6147366605e-04  6.6254916398e-04  2.8489426202e-04  5.2507859335e-05  -7.5550201094e-04  6.6060297412e-04  1.1853051671e-04  -3.9372003361e-04  -3.3434259423e-04  6.0465538086e-04
  -8.4348297194e-05  -1.7218274552e-04  3.2052214899e-04  -1.2257533710e-04  -1.0676475145e-03  4.9722862733e-04  2.2255294915e-04  -3.3371260367e-04  -9.4176115816e-05  2.6498264024e-05  -7.7290336705e-04  9.3399869490e-05  1.4247272860e-04  1.1342530948e-03
  -7.0074487272e-04  1.5324135609e-04  -1.7329894121e-04  9.6836789309e-05  1.5856964963e-04  -1.4173310220e-04  4.9520878610e-04  -2.9080238787e-04  -3.9459659923e-06  2.1870304663e-05  5.6900209474e-04  6.0608793644e-04  -1.7476919158e-04  3.8453847008e-04
  -4.6433210210e-04  2.1109332499e-04  -6.1729255210e-04  -4.5254233520e-04  9.6089604409e-04  6.3265315526e-04  -2.5385726396e-04  -3.4602341854e-04  3.9993130424e-04  1.5465969869e-04  1.7908428747e-04  9.6445575297e-04  -1.3724743819e-04  -7.4304732081e-04
  6.8858021796e-04  -7.9540130207e-04  1.0107434656e-03  3.4568880418e-04  2.6528272096e-04  2.6643552050e-04  -5.4394060596e-04  -8.5778672861e-04  -5.9240796057e-05  -2.5884220273e-04  -2.0905339422e-04  -2.6179776092e-05  2.8587653132e-04  -6.2419099883e-05
  -2.2512862642e-04  -2.3099744406e-04  -3.3791918635e-04  -2.3795737314e-04  2.6624143305e-04  2.3579833592e-05  -4.5767999739e-05  1.2829611092e-04  -7.6572765483e-04  4.5038953573e-04  4.3417203705e-04  -1.3215829704e-04  -3.8627413673e-04  -1.1724753026e-04
  5.8515158108e-04  -2.6005171470e-04  -6.9465942912e-05  9.8418576603e-05  4.9845193392e-06  4.9994426962e-04  -1.1547005048e-04  -4.9782762404e-04  -3.6185674350e-05  3.0908452405e-04  1.7636241975e-04  8.0111868288e-05  1.0052888219e-04  2.0876663083e-04
  -6.3350635640e-04  -2.7814842798e-05  4.4161435427e-04  5.8274629699e-04  4.1038216390e-04  6.7127573944e-04  -7.9513331378e-05  2.3019967925e-04  -8.1891590246e-04  -2.2726421316e-04  6.4531904557e-04  9.5385983925e-04  1.2804084261e-04  9.5037668939e-05
  3.8561027482e-04  2.1792605684e-04  1.8056526113e-04  -1.3164107071e-04  8.2125791663e-04  -1.2571346291e-04  -1.6224144712e-04  2.7893774839e-04  -3.2290274929e-04  1.9268026308e-04  6.3769796047e-05  -5.1621562390e-04  -3.8397004961e-04  -3.6509049943e-04
  -9.5592110138e-04  5.9450861729e-04  -2.9578154626e-04  -7.4011395398e-05  -8.2179232891e-04  -4.4407711446e-04  -1.0024260084e-04  -1.6573145591e-05  -6.4181513276e-04  -2.2200973856e-04  6.8936336302e-04  7.1282359207e-04  6.1970033200e-04  -1.4641706099e-04
  -2.5596287955e-05  3.7186626640e-04  -8.2909023615e-04  -3.7973827879e-04  -2.4252949985e-04  5.7524551288e-05  2.0682849542e-04  -6.8269222998e-04  7.7806929881e-04  5.1163889693e-04  -1.5910463371e-05  -4.8411714171e-05  1.5105740601e-04  2.2698767455e-04

